3.000000000000001091e+04 2.909212356554979114e-04 nan 5.100721570870324406e+00 nan 1.483908222132247203e-03 nan -1.602318761424623261e+00 nan -2.195766123354082194e-02 nan -3.319697222310790535e-02 nan
3.015519569285601028e+04 2.085648483099265945e-04 nan 5.100355867290550904e+00 nan 1.063754947788097876e-03 nan -1.165154756004209702e+00 nan -2.140204423778537327e-02 nan -3.142325006855546665e-02 nan
3.031119424248143696e+04 2.130310092564102276e-04 nan 5.100078730648005099e+00 nan 1.086474919277096102e-03 nan -1.029286544979303386e+00 nan -2.159703968265598920e-02 nan -2.775728467561201090e-02 nan
3.046799980220659199e+04 5.028276159812387832e-05 nan 5.100280033081818765e+00 nan 2.564561649871244524e-04 nan 1.269402232233183270e-01 nan -2.062175904504109578e-02 nan -2.852974168261045163e-02 nan
3.062561654684792302e+04 9.679988365727257770e-05 nan 5.100514217384553461e+00 nan 4.937291828350894507e-04 nan 1.001665222712126990e-01 nan -2.176960670822144020e-02 nan -3.027321169643459181e-02 nan
3.078404867281899351e+04 1.264966085620864420e-04 nan 5.101143856079133343e+00 nan 6.452773975813343730e-04 nan -4.821986412609682304e-01 nan -2.106388553868934060e-02 nan -3.169288257387748581e-02 nan
3.094330039824202322e+04 7.816214749677104424e-06 nan 5.100738495750651857e+00 nan 3.986846746473204917e-05 nan 1.546308163498121502e+00 nan -1.994632341481993726e-02 nan -3.094138376924824782e-02 nan
3.110337596306057094e+04 2.327561694446323489e-04 nan 5.099824165274849719e+00 nan 1.187015537550543606e-03 nan -5.024016013920906687e-01 nan -2.104225054588312882e-02 nan -3.062522634819333719e-02 nan
3.126427962915222815e+04 1.283613784086839310e-04 nan 5.100164592192550472e+00 nan 6.546641571649991194e-04 nan -2.054803589088553650e+00 nan -2.086267039400635168e-02 nan -2.849419925029106002e-02 nan
3.142601568044189480e+04 1.423243273442490527e-04 nan 5.100207636181642634e+00 nan 7.258836211355547494e-04 nan -9.020599823644808168e-01 nan -2.125227726363279265e-02 nan -3.347809234114997728e-02 nan
3.158858842301621553e+04 1.186852630033382032e-04 nan 5.100171643144870259e+00 nan 6.053152128288164608e-04 nan -4.953940357142307960e-01 nan -2.102553580533480376e-02 nan -3.168630196885584976e-02 nan
3.175200218523804506e+04 2.224537427409826562e-04 nan 5.100897241635096613e+00 nan 1.134713682738881790e-03 nan -1.998909913461464072e+00 nan -2.185885856273330971e-02 nan -2.865323217507050740e-02 nan
3.191626131786148471e+04 4.200825994738742892e-05 nan 5.100063765107453406e+00 nan 2.142448043928853532e-04 nan 3.004453403304825798e+00 nan -2.149165255186746490e-02 nan -3.436907810154803816e-02 nan
3.208137019414810493e+04 2.225043264655328259e-04 nan 5.101332136529962646e+00 nan 1.135068471115576816e-03 nan -7.626844834771837611e-01 nan -2.120918554192975647e-02 nan -2.724840401831771231e-02 nan
3.224733320998319323e+04 2.167348953580019077e-04 nan 5.100456732124216686e+00 nan 1.105446956114958419e-03 nan -1.396091963895056409e+00 nan -2.264771873281710632e-02 nan -3.145100918168099863e-02 nan
3.241415478399257699e+04 1.391124418697876864e-04 nan 5.099649889229532107e+00 nan 7.094247487717124422e-04 nan -6.228878727685192018e-01 nan -2.245728094636603722e-02 nan -3.318611079016902526e-02 nan
3.258183935766068680e+04 8.657931312432545822e-05 nan 5.099379669616655342e+00 nan 4.415007891555596908e-04 nan 2.956555230621841446e+00 nan -2.213742017493603928e-02 nan -2.776889042451072612e-02 nan
3.275039139544858699e+04 9.112019470404979357e-05 nan 5.100818700135747008e+00 nan 4.647875931064274495e-04 nan 2.588251226973145691e+00 nan -1.998781553512148090e-02 nan -3.360330516824294733e-02 nan
3.291981538491264655e+04 1.842957939054016073e-04 nan 5.100097495479718468e+00 nan 9.399265169243851319e-04 nan 1.164858525662868516e+00 nan -2.062810799329864442e-02 nan -2.737892389147174657e-02 nan
3.309011583682448691e+04 2.481151775573086238e-04 nan 5.100410848897670490e+00 nan 1.265489343389468837e-03 nan -2.622454573620249363e+00 nan -2.071585918875804011e-02 nan -3.454293172068519102e-02 nan
3.326129728529052227e+04 8.368295384038862059e-05 nan 5.100520127277285098e+00 nan 4.268265903729181370e-04 nan -3.924708349157768339e-02 nan -2.070222832405172256e-02 nan -3.260669589342905100e-02 nan
3.343336428787319164e+04 1.661763095133071309e-04 nan 5.099592924341243005e+00 nan 8.474315321872013694e-04 nan 1.046367552468300488e+00 nan -2.119081891900748832e-02 nan -2.772710871551995263e-02 nan
3.360632142571204167e+04 1.173597887086298995e-04 nan 5.100530311605963263e+00 nan 5.985971596720380443e-04 nan -1.454090166111900118e+00 nan -2.172669950854382373e-02 nan -2.753097394451494914e-02 nan
3.378017330364553345e+04 3.056260957664069344e-04 nan 5.099792856382682871e+00 nan 1.558629779913651850e-03 nan 9.953561552050196326e-01 nan -2.180944232103546737e-02 nan -2.794160407488980452e-02 nan
3.395492455033403530e+04 4.220165648548929410e-04 nan 5.099325025941874756e+00 nan 2.151999630526577924e-03 nan 9.104417016239452209e-02 nan -2.152301670588718796e-02 nan -2.708169593094596206e-02 nan
3.413057981838284468e+04 2.611325593549157042e-04 nan 5.100041138426135490e+00 nan 1.331786795292574585e-03 nan -5.661396162300427193e-01 nan -2.027986187748767946e-02 nan -2.558154499453317923e-02 nan
3.430714378446587216e+04 4.353781280786475053e-04 nan 5.100174206368738083e+00 nan 2.220504298843822832e-03 nan -5.817518509965573514e-01 nan -1.979616034432458982e-02 nan -3.325459642152608919e-02 nan
3.448462114945055509e+04 4.252615022793038895e-04 nan 5.100572245969085650e+00 nan 2.169077015804936510e-03 nan -6.747290579015761125e-01 nan -2.146532991974838336e-02 nan -2.718350123115340078e-02 nan
3.466301663852281490e+04 4.391111186993626805e-04 nan 5.100740855491052272e+00 nan 2.239792023250220324e-03 nan -7.829925388279939114e-01 nan -2.024960023167577533e-02 nan -3.174337778210284400e-02 nan
3.484233500131263281e+04 4.879646170941301549e-04 nan 5.100315301898756815e+00 nan 2.488773403350359736e-03 nan -9.847375250570173932e-01 nan -2.093335438091483564e-02 nan -3.438205681093724209e-02 nan
3.502258101202094986e+04 6.979574813025815833e-04 nan 5.099321391664342507e+00 nan 3.559109514878419818e-03 nan -1.281443588611491435e+00 nan -1.929209455318341843e-02 nan -2.693727925912332496e-02 nan
3.520375946954655228e+04 8.312965726003400044e-04 nan 5.099871146617833695e+00 nan 4.239505404886770995e-03 nan -1.823251614088437833e+00 nan -2.127082377569909991e-02 nan -2.881880439306768252e-02 nan
3.538587519761362637e+04 1.034844357719781572e-03 nan 5.099805467817233762e+00 nan 5.277504913839155959e-03 nan -1.989108570872307524e+00 nan -1.991312869817529752e-02 nan -2.717964496499299457e-02 nan
3.556893304490060837e+04 9.332224874044508286e-04 nan 5.100830994107883321e+00 nan 4.760210188151076278e-03 nan -2.331363253890405218e+00 nan -1.998847289306936170e-02 nan -3.242046201187999410e-02 nan
3.575293788516908535e+04 1.111204257994492708e-03 nan 5.100967233891790187e+00 nan 5.668216510190947008e-03 nan -2.728696371593333225e+00 nan -2.112274726672751235e-02 nan -2.737142775444266138e-02 nan
3.593789461739329272e+04 1.251915321814883264e-03 nan 5.100531884483073597e+00 nan 6.385434015589700266e-03 nan -2.895415664469087602e+00 nan -2.096521905268704591e-02 nan -3.363934565376423824e-02 nan
3.612380816589103051e+04 1.672242042390272281e-03 nan 5.100203608744532602e+00 nan 8.528774899293194850e-03 nan 2.850960384499590106e+00 nan -1.981657069664053902e-02 nan -3.006999479930330330e-02 nan
3.631068348045452876e+04 1.542927676010221252e-03 nan 5.099423687988864806e+00 nan 7.868041939900130913e-03 nan 2.501023535963678768e+00 nan -1.994565558062018698e-02 nan -2.842929219750725198e-02 nan
3.649852553648199682e+04 1.981721718821027097e-03 nan 5.099253758929322089e+00 nan 1.010530192385000053e-02 nan 2.148408431358799220e+00 nan -2.019978607363504680e-02 nan -3.485564645508766601e-02 nan
3.668733933511054784e+04 2.320656934874535358e-03 nan 5.100995051373790723e+00 nan 1.183765954073127437e-02 nan 1.718167468753041049e+00 nan -2.093645033755398358e-02 nan -3.065312801652235117e-02 nan
3.687712990334914502e+04 2.655997130179851059e-03 nan 5.100375741798928608e+00 nan 1.354658333305688335e-02 nan 1.302339948033118588e+00 nan -2.087959237333824464e-02 nan -3.346816588234135387e-02 nan
3.706790229421217373e+04 2.964219445888913607e-03 nan 5.099029961548058765e+00 nan 1.511464376719095538e-02 nan 7.783841221313601011e-01 nan -2.125765210757416326e-02 nan -3.370441451066667760e-02 nan
3.725966158685446862e+04 3.453266138922733101e-03 nan 5.099349426892809234e+00 nan 1.760941070642398423e-02 nan 3.654788399736084159e-01 nan -2.030379090908445566e-02 nan -2.779369140497718951e-02 nan
3.745241288670627546e+04 3.679140619133285887e-03 nan 5.100213977250657393e+00 nan 1.876440440997422313e-02 nan -9.683011318496781428e-02 nan -2.121237576268152070e-02 nan -3.354016989722033437e-02 nan
3.764616132560898404e+04 4.209707248844304570e-03 nan 5.100237064310077173e+00 nan 2.147050494045052785e-02 nan -5.244712292077231552e-01 nan -2.085316372699092674e-02 nan -2.951938111135504750e-02 nan
3.784091206195220002e+04 4.824493535591767128e-03 nan 5.100321661374610294e+00 nan 2.460646888474046778e-02 nan -8.859383527117223878e-01 nan -2.149848209861398782e-02 nan -2.995753045844447293e-02 nan
3.803667028081086755e+04 5.584435621049624494e-03 nan 5.100616422603828859e+00 nan 2.848406403969952483e-02 nan -1.370125161204303055e+00 nan -2.048565082669905058e-02 nan -2.815940721391732918e-02 nan
3.823344119408305414e+04 6.424363552889731169e-03 nan 5.101494406071635623e+00 nan 3.277385472763746227e-02 nan -1.757116023828775297e+00 nan -2.101351849540161743e-02 nan -2.781351379582268704e-02 nan
3.843123004062921245e+04 7.127778626791881830e-03 nan 5.100273405562855800e+00 nan 3.635361977096596836e-02 nan -2.211231386681543398e+00 nan -2.164440918091314545e-02 nan -2.918758178444286200e-02 nan
3.863004208641141304e+04 7.934223816448433830e-03 nan 5.100134304475059999e+00 nan 4.046560706565168614e-02 nan -2.617433091797128242e+00 nan -2.068622421533958949e-02 nan -2.780967823282249479e-02 nan
3.882988262463331921e+04 9.070363059060141883e-03 nan 5.099448832435896861e+00 nan 4.625385231129393315e-02 nan -3.069916532587530611e+00 nan -2.125024293906036671e-02 nan -3.096301889531980281e-02 nan
3.903075697588163166e+04 1.000878714848066342e-02 nan 5.099430918644900501e+00 nan 5.103911864309802759e-02 nan 2.821753935473228836e+00 nan -2.124731158707183348e-02 nan -3.212731679229569037e-02 nan
3.923267048826716928e+04 1.144833754108897858e-02 nan 5.100527958309290177e+00 nan 5.839256570448617123e-02 nan 2.462077559880828659e+00 nan -2.264364950962364717e-02 nan -3.299419573782990528e-02 nan
3.943562853756775439e+04 1.351321919783339542e-02 nan 5.100317405739684951e+00 nan 6.892170708228533005e-02 nan 2.047161725372721008e+00 nan -2.106426155318531085e-02 nan -2.780202562206209732e-02 nan
3.963963652737115626e+04 1.689361454830832707e-02 nan 5.102003209045790300e+00 nan 8.619127563785172752e-02 nan 1.689711551111752641e+00 nan -2.023495712432790694e-02 nan -3.285291062310875809e-02 nan
3.984469988921866752e+04 2.176421314625306275e-02 nan 5.100742014016526937e+00 nan 1.110136363971038209e-01 nan 1.229263639985465062e+00 nan -2.287142231250921878e-02 nan -3.061977387885600477e-02 nan
4.005082408275022317e+04 3.074703830878779132e-02 nan 5.100738790467479689e+00 nan 1.568326109936235002e-01 nan 7.374182322981788218e-01 nan -2.201129282424585734e-02 nan -2.744329229400938042e-02 nan
4.025801459584950499e+04 4.440374833592814624e-02 nan 5.100668352391642735e+00 nan 2.264887938646317489e-01 nan 1.419007648184553716e-01 nan -2.090354062971539265e-02 nan -2.672998407475998470e-02 nan
4.046627694478983176e+04 6.864895437767377928e-02 nan 5.099285504942646874e+00 nan 3.500606179875409563e-01 nan -5.548724739602342027e-01 nan -1.944915307179337360e-02 nan -2.476881687306575416e-02 nan
4.067561667438147560e+04 1.121047180601726367e-01 nan 5.099083734402262813e+00 nan 5.716313444103778840e-01 nan -1.446164949203765815e+00 nan -2.086047781122057562e-02 nan -2.795298622742655933e-02 nan
4.088603935811908013e+04 1.560104623959440995e-01 nan 5.097776443417529890e+00 nan 7.953064601287201940e-01 nan -2.685837888245931282e+00 nan -2.200768850625596518e-02 nan -2.759251283284851891e-02 nan
4.109755059832977713e+04 1.410269806173538032e-01 nan 5.095816364453845004e+00 nan 7.186475956594267078e-01 nan 2.291370920921568910e+00 nan -2.140434080668813036e-02 nan -3.057895779881586104e-02 nan
4.131015602632285299e+04 9.767521725026828694e-02 nan 5.096186566610827029e+00 nan 4.977711300416113871e-01 nan 1.239172193983957726e+00 nan -2.119364847723576722e-02 nan -3.151267998497517264e-02 nan
4.152386130253942247e+04 6.369308330706849319e-02 nan 5.097245407882637913e+00 nan 3.246592764008411902e-01 nan 3.972980668741463717e-01 nan -2.221811438398809194e-02 nan -3.364640232849463314e-02 nan
4.173867211670288816e+04 4.135280964266756232e-02 nan 5.097564459008302684e+00 nan 2.107986127145979882e-01 nan -2.806712452022033233e-01 nan -1.931263762954149588e-02 nan -2.652673356515399331e-02 nan
4.195459418797092803e+04 2.812584763587742953e-02 nan 5.099521427005377028e+00 nan 1.434283626718454718e-01 nan -8.369400930585975118e-01 nan -1.983225341297342043e-02 nan -3.248855360974356454e-02 nan
4.217163326508749014e+04 1.989644135857899718e-02 nan 5.101282185623641219e+00 nan 1.014973618598244837e-01 nan -1.341009456457658899e+00 nan -2.131164185631070213e-02 nan -3.228504671468269277e-02 nan
4.238979512653563870e+04 1.440519080294546533e-02 nan 5.100198015235038795e+00 nan 7.346932554226449918e-02 nan -1.842347017734173420e+00 nan -2.000188052517352932e-02 nan -2.838190101047989231e-02 nan
4.260908558069185528e+04 1.068538193459869605e-02 nan 5.099775604199990653e+00 nan 5.449305011162573070e-02 nan -2.342413296230436259e+00 nan -1.890946297338676543e-02 nan -3.199807201359582132e-02 nan
4.282951046598047833e+04 7.820761901646801351e-03 nan 5.100162155286811050e+00 nan 3.988715387628792575e-02 nan -2.847883832111921976e+00 nan -2.036529670017056537e-02 nan -2.732669135469255675e-02 nan
4.305107565102884109e+04 5.559886059621987897e-03 nan 5.100286974341412538e+00 nan 2.835701444871242816e-02 nan 2.931085726503344091e+00 nan -1.994264378361119625e-02 nan -3.171046528858340735e-02 nan
4.327378703482409037e+04 4.169273372796023468e-03 nan 5.100258277643612281e+00 nan 2.126437103136202128e-02 nan 2.576111039485130760e+00 nan -2.028729654900385260e-02 nan -2.998581840216937855e-02 nan
4.349765054686992517e+04 3.187168083072759815e-03 nan 5.101463680838893566e+00 nan 1.625922222052460231e-02 nan 2.136373111467879227e+00 nan -2.158504455007971556e-02 nan -3.208453815927949510e-02 nan
4.372267214734424488e+04 2.314190008801172722e-03 nan 5.101271418270312275e+00 nan 1.180531134834414582e-02 nan 1.664780369125235637e+00 nan -1.968771694012209569e-02 nan -2.910754095881491407e-02 nan
4.394885782725833997e+04 1.811167641739116737e-03 nan 5.102834117251970447e+00 nan 9.242088034329158305e-03 nan 1.253096914373262649e+00 nan -2.030067893275271443e-02 nan -3.208319816321722473e-02 nan
4.417621360861613357e+04 1.535429236116336599e-03 nan 5.101136030622052786e+00 nan 7.832433398823539922e-03 nan 7.922435640652771838e-01 nan -2.125631812985591049e-02 nan -3.214871075368565256e-02 nan
4.440474554457425984e+04 1.534951956660342417e-03 nan 5.101639967842228174e+00 nan 7.830772250816034341e-03 nan 5.574764181473348401e-01 nan -2.221418202739739584e-02 nan -2.874689730978922247e-02 nan
4.463445971960374300e+04 1.175385898985475399e-03 nan 5.102074175044713833e+00 nan 5.996906040925509274e-03 nan 2.102157153950692248e-01 nan -2.132278273100012347e-02 nan -2.893170969316324198e-02 nan
4.486536224965173460e+04 9.380336132110345853e-04 nan 5.101926245421634754e+00 nan 4.785778310329063742e-03 nan -5.621876903002132053e-02 nan -2.182233102850725942e-02 nan -2.801602988487236767e-02 nan
4.509745928230407299e+04 8.960406251905406877e-04 nan 5.101929072406607091e+00 nan 4.571535715717011533e-03 nan -9.953876901603919691e-02 nan -2.197133220929676015e-02 nan -3.210077665901690802e-02 nan
4.533075699694947980e+04 9.359649412704205062e-04 nan 5.102621071969143607e+00 nan 4.775874431950809587e-03 nan -3.992524684852121197e-01 nan -2.081903933388393885e-02 nan -2.839398643606433695e-02 nan
4.556526160494385840e+04 4.985656203077280021e-04 nan 5.101050658683711880e+00 nan 2.543208485867789505e-03 nan -6.951125934071065160e-01 nan -2.231578987667025629e-02 nan -2.832864712322864797e-02 nan
4.580097934977532714e+04 4.264576918005744946e-04 nan 5.101509869841302169e+00 nan 2.175578123790370810e-03 nan -1.081378105084201735e+00 nan -2.013441463993166300e-02 nan -3.205597955914616520e-02 nan
4.603791650723104976e+04 4.818348195198748083e-04 nan 5.103445977507728770e+00 nan 2.459017971501867642e-03 nan -6.029257651527508699e-01 nan -2.104596040592377967e-02 nan -3.105802794447878878e-02 nan
4.627607938556402223e+04 7.830604269958540671e-04 nan 5.103235301036485261e+00 nan 3.996141613889945751e-03 nan -1.017706020761242058e+00 nan -2.180778921503249285e-02 nan -2.852373571148805048e-02 nan
4.651547432566074713e+04 3.122154570782640910e-04 nan 5.102234260160714463e+00 nan 1.592996401656456094e-03 nan -1.804789950820154587e+00 nan -2.170979301441130355e-02 nan -3.536330295147425973e-02 nan
4.675610770121071982e+04 5.007046637641717011e-04 nan 5.101565076457357684e+00 nan 2.554377426278622246e-03 nan -1.140188905279433840e+00 nan -2.020059853041833789e-02 nan -3.032951255157014317e-02 nan
4.699798591887535440e+04 2.459658285748838420e-04 nan 5.102812101902165942e+00 nan 1.255117406706310812e-03 nan -1.194637897684376782e+00 nan -2.293339154752080389e-02 nan -2.862495972125624760e-02 nan
4.724111541845923784e+04 3.115178101208984033e-04 nan 5.103136661075218683e+00 nan 1.589717957405825449e-03 nan -1.524958912488205698e+00 nan -1.996509592651594944e-02 nan -3.292389978259422506e-02 nan
4.748550267308126058e+04 2.552787924405718794e-04 nan 5.102261178642281791e+00 nan 1.302499072400210758e-03 nan -1.265596533321161843e+00 nan -2.142072392301747411e-02 nan -2.886275300547314765e-02 nan
4.773115418934673653e+04 4.592462321559693758e-04 nan 5.102961534744059335e+00 nan 2.343515857668052038e-03 nan -3.113176703821142866e+00 nan -2.175585301766224181e-02 nan -2.822611608686042411e-02 nan
4.797807650752114569e+04 3.536110623612239725e-04 nan 5.101578342637805186e+00 nan 1.803974537459166654e-03 nan 2.439878467892338421e+00 nan -2.048465302825963619e-02 nan -2.640255438024816798e-02 nan
4.822627620170400041e+04 4.362498167076637274e-04 nan 5.102981011276330747e+00 nan 2.226174530831987776e-03 nan 2.380695545305062666e+00 nan -2.010406949883497899e-02 nan -3.162022487748324118e-02 nan
4.847575988000360667e+04 2.208321774557881444e-04 nan 5.101724447518712680e+00 nan 1.126624918524985136e-03 nan 1.963341010005546394e+00 nan -2.004470406270948343e-02 nan -2.754093300410307907e-02 nan
4.872653418471354962e+04 6.386122296462627169e-04 nan 5.104087591766425902e+00 nan 3.259532757287780975e-03 nan 1.785388375629157309e+00 nan -2.204593102168116506e-02 nan -2.776605208981936315e-02 nan
4.897860579248925205e+04 2.623125201915734155e-04 nan 5.102423410780995816e+00 nan 1.338429543966446894e-03 nan 3.601994639656318498e-01 nan -2.128880110218786884e-02 nan -2.833575536706973985e-02 nan
4.923198141452545678e+04 7.046238630865611294e-04 nan 5.104039178549799161e+00 nan 3.596427803334917815e-03 nan 2.718020043203956959e-01 nan -2.106677795445333415e-02 nan -3.270341850848482862e-02 nan
4.948666779673549172e+04 5.960056201474525249e-04 nan 5.103256447500053028e+00 nan 3.041569523763754633e-03 nan 6.095535162990373124e-02 nan -2.130520452504739218e-02 nan -3.288979778074892918e-02 nan
4.974267171993055672e+04 5.358054315019091657e-04 nan 5.104194407851076143e+00 nan 2.734855087168277816e-03 nan 1.137141369247629541e-02 nan -2.080708069249548667e-02 nan -3.321571697004391949e-02 nan
4.999999999999999272e+04 6.498501921986181255e-04 nan 5.103492498168493263e+00 nan 3.316505580819001375e-03 nan -7.023119502436294681e-01 nan -2.121984336239855773e-02 nan -2.908076631171690671e-02 nan
